0
10.70809597
1.5087961082
10.388396169
7.3202968562
1.7610997367
8.7827956941
1.0194977238
12.486598111
7.0996998111
0.37939800955
7.519798949
5.5615988029
3.0239992968
6.1947963993
1.6156980767
2.5296957734
11.003498704
0.16449656651
6.1907958932
2.9159989549
11.079996755
8.9174993638
7.706097181
9.0381990822
0.90169641653
6.5995959259
9.9946959482
8.1672980488
2.3636991273
0.55759851026
4.733698361
1.065795605
2.6303958098
1.882696466
1.4528956545
10.625296589
3.5415993723
6.0930956421
1.075096199
9.3212972972
10.87319841
8.0821994574
13.003698367
0.35059710975
9.4048970769
6.8840962384
4.5097984067
12.940899893
4.4746968514
1.0262959372
11.374696031
1.482698388
6.9670981843
2.8877971551
3.4304980417
6.984597255
5.3629990048
2.262695574
7.9285982978
8.9259999678
8.3381973639
5.7297999226
3.9326997489
5.090196839
3.1525956517
4.4219972456
6.0451983646
4.4018990922
3.6198979779
0.66719977706
6.8425993292
6.7507960417
3.8659970779
5.5286987093
0.73169670977
10.414995549
1.3187988115
8.7185962365
0.11389650877
0.31179871556
3.6469997143
7.3851997041
10.789697432
6.9299957163
2.7757967648
3.6698973828
1.60469623
4.2985960921
0.72859597152
5.674496704
4.4996997437
5.0275973343
12.096095897
12.247297437
3.382496808
13.719795627
12.393999024
4.8369962648
3.4395986751
1.4331968135
6.4946978246
4.9844965521
7.4523970594
0.73169702548
9.4505964554
3.471795488
6.0772964927
1.4087989888
0.75229762326
8.0699997711
11.50469556
7.0643990678
8.3880986454
6.1019961689
1.1418956073
5.789399024
0.61789602542
5.4556990711
4.0181958085
0.55169633429
2.6638979103
5.849897624
5.985499246
3.0430989616
3.4981992343
8.3081989369
10.474595997
1.4996991643
7.643798007
0.90279614949
0.50759776937
4.3815996737
9.3711978337
12.533495981
11.6864992
8.1890980779
4.8072977633
10.14689607
15.484996191
0.63969619692
0.88589971114
7.6245960202
3.8064981417
6.5209968583
0.50389676094
0.17679945303
6.8319979137
6.6191965127
4.5109976573
9.6477994088
8.3561957352
3.7181985146
8.7034974911
7.4746963693
3.4517960924
3.1517997367
2.110498112
6.9703962706
10.639597357
6.6995993322
2.5663989884
1.9891982912
3.5927983935
6.8196972342
5.2449967733
3.212395966
7.9630956326
5.8354997421
1.9189957062
8.6093987246
5.2886993289
4.9735977632
11.624699071
10.813098975
10.180997985
8.4546986576
11.32149636
9.7520981603
8.8183992544
3.494698311
5.1199976321
6.1196969633
3.1558999245
2.8728975071
12.026897155
9.5420973189
5.9730989967
8.4955971179
3.0456980118
5.5568984207
4.237399861
5.6067971781
1.3889972594
7.3647961367
5.8487982378
1.1538980676
4.8567998067
0.37669806197
7.3273995518
5.2812963835
4.534195729
7.6640980989
7.216597541
11.876997781
8.1295972471
8.5215999828
3.097299373
8.1573965565
4.1172982256
9.7842961704
10.351399843
1.9642983178
3.4835964643
10.976898505
7.787999787
12.534498731
8.8507971835
6.6893955197
7.9948960105
8.2613975707
11.04699602
9.0223963519
8.6422972451
9.7047985378
3.6431967217
1.0699956252
3.3245992865
8.6753969291
8.6193961865
8.2492957053
4.7731972768
4.8577976211
1.888398725
0.34479651427
1.7922984155
0.93219697913
3.4911986026
3.2074966424
4.4908987437
10.934799457
5.3083975221
3.5130961422
4.160898963
0.51399808126
14.665597965
12.091899999
4.9640984134
0.85239981596
0.072099676064
7.332799928
0.12709720303
2.7344963029
3.6219998083
1.3359967136
8.2517971076
0.31769986404
7.0453955618
2.4663987508
0.051597327589
3.7978956839
0.075998041233
4.8204964675
6.2414988146
0.77459918617
13.016596974
9.4594966677
7.9178962394
10.973797175
1.2495974813
8.0821958703
7.2230955695
6.5856985014
3.7947977707
0.34849664461
2.0423958888
3.5341991764
2.794196604
0.24339637276
11.449199776
6.9845971175
6.3354961924
1.4055982105
14.001796101
4.8313967054
3.1366966652
4.2421988751
5.3472964744
8.331798435
0.48839632947
12.7824997
0.071899187654
5.3125958974
1.3827965793
4.9939987772
3.4297958665
7.0713978125
6.7244957399
4.3125995288
3.6102985036
5.5651984067
11.915298068
11.191899615
4.3545959963
8.4986964114
8.8403977071
13.228298171
0.42459755396
10.560398827
5.3562973465
2.748899278
12.115195845
0.72579929566
4.1064993359
3.6904996189
0.91689853782
3.2504987187
0.22249766883
4.5943972387
1.8938996887
10.871696767
7.8658995995
6.2918980558
0.56779765357
8.9562969281
3.3405956846
3.8411967338
10.919997755
9.9435979239
8.3279985235
9.4356976027
7.2005965631
0.78379958187
11.33849938
2.607899644
0.64649790191
5.795195535
4.279497807
5.3395995914
0.28849919343
10.815296412
8.760499785
5.1658988644
10.452799687
2.3875956728
14.064698014
6.0206985388
3.9816966468
14.110199122
9.5526962025
10.675697439
2.0624983261
8.5125977636
6.2971984408
5.4886987158
4.0261955582
10.236499854
10.191697638
10.735896714
1.0678993113
11.776898247
7.5006966434
0.49769849136
1.9379991126
4.6345985402
4.64599665
6.5090963923
4.5083983738
1.0194986533
6.1042964499
6.2569957803
1.8242956908
13.579499333
7.7544960745
7.704998401
0.99649962765
6.6972956674
4.3383986806
0.81409784916
2.853496624
0.33589915332
2.4579992395
10.605996017
6.4807965506
6.2354973944
6.7675987288
0.8341980497
3.8512995797
0.81129553653
8.7279974847
5.9028975876
0.18099719756
2.3009983518
2.6629964557
10.120499388
2.9692966313
1.8891980372
5.1515974387
7.4730996275
1.2949996961
6.2776981033
5.3029977758
5.2875987926
10.564998364
1.7897958945
9.4079990778
6.344698973
2.0748997566
6.9834970801
2.7456975003
7.8210969918
10.035697103
11.767399181
7.2570960821
5.8615977571
4.8071965519
7.44169993
12.657896956
6.4307959828
14.575196349
6.0711988364
4.3704993938
7.1298983086
7.0085972042
1.2848973159
4.2927999094
7.5613958347
4.8962985391
1.4831994931
10.549098567
5.0290992574
1.0222974609
0.99599591316
8.4670962137
3.6225963244
0.82509682489
4.6401978096
11.416898958
4.7194993294
4.0691982846
4.5164974556
10.449298392
4.7161992911
2.0987978457
12.820697515
6.946999772
0.86039783014
0.24689796297
1.1456995687
4.6614982749
3.4256971333
7.0102975055
0.49389687012
0.59609643782
9.852197746
9.406299413
5.5445988084
10.77159608
14.384795719
13.197399295
0.22619607135
13.120797787
4.4230961324
1.3226995091
6.6139977501
7.7092973203
13.419698394
5.3908999207
1.1917999124
12.516495911
5.3406985024
7.4458962802
10.610296758
6.483799517
14.377397251
11.844096328
8.9647995464
3.5453996059
0.47249698837
7.80519621
6.3978968379
7.1655962108
8.303199726
9.1978992633
7.445895504
5.6010999787
6.0600967091
4.3358958886
6.0030964294
6.9553967052
5.3578977959
2.5120981588
9.6839968459
7.5613978048
9.3264969622
4.0954975423
5.1316994852
1.7478964454
15.39669693
1.9849970205
8.4103987775
7.4522969043
1.1747986456
10.865298948
2.0014978147
0.842699021
2.5011999379
13.561297063
1.6190960835
4.2862970391
11.283396684
8.6679991199
8.9834988545
0.14339726182
3.1661986718
0.57519741597
10.249098141
4.7130977812
2.9334961612
0.88109747406
1.8168964562
3.6026976539
3.2586999742
5.0242980758
5.0353966445
1.1469993642
0.15119991126
8.6849967164
5.9495967545
4.7965987831
7.4288981363
3.9932963774
4.401595579
0.5298986613
1.3251966167
8.0328965675
8.1088955501
4.2787981878
9.362696132
7.0962958239
8.3876969504
7.6777984457
2.3082977225
10.935797148
3.5260963799
5.4699984228
2.4810989494
8.4806998166
11.038497658
14.189996381
5.759197581
6.7400980338
11.067398617
5.7332981831
4.2624984428
9.9479963039
0.21609963666
10.727899577
1.1945973388
8.128095934
6.9295986348
4.9384979741
12.9920995
0.52839899421
1.0555993294
5.8824983965
2.8999955138
5.6072955982
3.7141964282
8.0490967596
8.9584967014
6.4793966214
1.7464991819
5.4604983568
7.3208996627
2.8117967032
6.0844978171
4.8167971778
1.5629982193
2.6266985398
0.090595504026
8.8413976107
3.8414982007
5.1398962518
10.556699787
14.060199912
6.1919956589
0.54759970552
0.50909655953
2.3962959308
9.2286977179
15.088098881
12.317595869
3.9744977467
11.858798872
8.8221974729
9.5937973111
3.5751975543
13.966595926
4.4059967046
6.9767976511
0.83599975416
5.1519985125
6.947599598
13.680396206
13.661299581
4.2848996883
6.100499246
9.633999587
2.2536976391
5.4752971543
1.4896974125
6.5504989017
7.0079963076
0.25729652831
3.8320968789
6.9989977672
4.1294970986
8.0384987011
11.301497816
7.5197961385
0.44589656286
3.6196981322
2.4223985112
1.0954995882
2.8456956523
11.245595922
10.629895684
1.5560964484
0.81579605622
8.2311976116
6.0823982582
2.3158955647
8.4304964949
11.73219923
7.1708961741
10.330997508
5.2928958261
3.566498317
6.0113964667
8.8721955325
5.8089973805
10.472498279
4.6385967322
9.3933975157
2.6398974697
11.654698431
0.15919774927
4.0475957482
2.2146967828
8.1753957693
4.1755985263
5.6399990326
5.2525980852
2.5095994701
0.53259781925
6.8536978641
6.8644984505
8.9946973804
7.5492997136
7.3219981567
3.0402977112
13.848597403
5.1502972782
10.490695982
1.1438997016
9.3297969643
9.9234958423
1.5768987207
9.2285983782
7.800699234
10.583297269
5.0194970383
4.1076980683
10.091795694
2.6201995296
13.1026984
3.4611984545
5.8971962243
3.8554998877
2.447996848
6.5442977449
0.7766976889
8.3518986639
5.8062970715
10.47299908
8.6626989476
4.8033970897
11.196996908
2.8980969518
7.2665974409
10.580098982
0.18199557396
1.0071971217
9.2050970119
0.44219923758
0.42639874986
5.6301976268
2.4104995518
0.089499494362
0.70229700396
0.31669588412
8.823396463
6.8464996849
12.965398819
14.183698156
2.8470964777
10.978999119
8.5879986916
7.5332975136
13.883695512
4.7427998577
4.3171956963
5.4493960722
10.289597717
1.6187968854
3.1371985288
3.7160995298
1.6698961374
3.6431978686
4.5725996715
1.2052968064
2.3333987605
1.8092976136
1.807399931
7.2421959138
1.2105960463
6.6712995688
3.6095994693
9.3983966667
2.5663981916
8.7903957235
6.9108964565
0.92269778422
5.1420975513
14.209195627
2.325495524
11.524898057
1.1571966995
5.7409985354
7.3549964254
5.4833995783
2.3997961715
5.9513975201
1.2800997313
2.8121996691
3.354799747
8.2656999971
5.2144966559
10.241496155
0.72949994157
6.9878963974
11.634396045
1.3062989019
1.4155999148
1.7289966353
0.62349639217
6.7106956697
9.8118973485
5.8743967081
1.3694997441
0.82309683915
13.935695876
6.8868955174
6.5904974554
7.7380998525
4.0750999384
6.0069998609
10.337496036
3.2311990077
6.7563977045
3.2074960811
11.494999002
1.3582968192
9.3584987162
0.59959937921
7.6423981812
3.0946955127
4.3497993111
4.800996836
7.6423967171
8.4262988115
2.0018961143
5.7005958811
2.3000966412
10.484399877
2.4759958996
7.9615974354
7.2980955348
4.2964992205
2.7222959194
11.246996763
3.5009986938
7.8970977575
7.0692967811
7.6552965195
4.1131980419
6.3052993224
8.7428971611
1.3286979088
4.7998963839
11.972799033
1.3428961134
7.8321980384
12.130198155
0.19159691706
6.0030974143
1.241296344
6.7390975828
3.588398267
3.81819677
9.9384965389
5.6173962112
9.1861968535
3.845397671
4.6162996626
1.6263960769
7.8496997652
2.9872970827
4.1964963715
5.4765974762
2.1258994247
1.8488984056
7.0740973482
12.392098583
1.0729956927
0.37459584936
4.6066989301
3.8165955925
3.7186979111
0.31859753989
9.2248957141
4.7530994727
5.6631979195
1.1861982806
7.6230970032
4.8885974783
3.9139955148
8.6177960439
0.24059560916
12.806999042
0.35649789936
3.9805979558
8.3635959197
7.0547999266
3.2649956961
5.109097944
5.1685962496
2.8064958599
5.5473965455
12.801696916
5.6207975025
9.1945967105
4.1831958185
8.9040965345
2.9632983046
3.461698278
5.0490994327
4.6664992024
5.6723986213
0.53739832377
6.178698892
12.693996081
4.2399988912
11.029099635
0.64909806417
6.190798688
4.4006992566
9.2505990382
6.306397642
6.8603958052
10.446498974
1.3332979999
3.7294997115
0.42679923743
1.3187988827
6.9553999971
3.9262991505
3.5979992119
2.6578966661
10.513899101
9.4711980426
5.9281964495
11.071097459
4.5991975674
2.2200988599
2.4345970352
0.84389879956
6.1988957113
4.4619978065
4.4608976324
2.0338981956
5.2380963482
3.1393973232
6.389795517
0.73699995588
6.3043989425
5.1715997421
8.800996312
6.8327967395
3.7899984514
5.5535965015
8.4891958372
11.624797507
5.9643978318
0.22529638596
10.699197365
1.5576955054
3.652799039
11.860897993
3.6718986967
4.7586955992
3.7386969419
2.4180969155
7.9008958511
9.8719987555
6.0977961381
2.1365997808
2.0933965422
6.5770977566
6.2441999278
0.78159968721
10.272595889
7.3273983488
3.9655992436
2.2866991505
3.1190966291
7.597497959
7.708196671
5.8578978524
5.9010996949
8.7897996928
4.9332963432
8.1098997665
4.1213972528
8.278599447
7.5841977003
11.465195516
5.3433987449
8.1476982601
3.6043984577
6.4260995043
1.6348988413
8.6136962373
9.2370992284
2.9679969877
8.7796963868
2.9796983792
6.5585957335
6.6504961833
15.823297135
0.74429584915
5.9269981174
7.7236982803
2.8345981946
4.9895957062
4.1431984448
1.9605977563
1.7067957229
5.1344972796
6.178795857
3.3605987587
5.2354989532
7.8608996092
10.030498468
0.94029934192
9.2276968235
6.8813997102
4.448596082
11.094996262
2.0040965343
1.0635964733
2.8828977049
2.6312971446
1.2863970984
5.9382957977
6.9326994176
7.3426999128
4.5415989641
0.27409809951
14.271997047
3.6101986527
16.056397562
4.8569959398
8.5630959841
3.8461960245
2.9770956013
5.8113966471
5.5205984981
9.0168967037
5.0065963101
4.9560988505
5.1651978986
1.5891963597
10.441599612
11.295095656
7.9028987335
5.3465955991
2.9072972899
8.0878977599
3.1896987063
