0,1
719743.0,2.0
641899.0,16.0
668182.0,4.0
649078.0,1.0
652410.0,8.0
718470.0,9.0
650153.0,-2.0
663211.0,1.0
713268.0,8.0
683323.0,7.0
719710.0,8.0
688006.0,11.0
645563.0,2.0
651503.0,7.0
680584.0,14.0
687577.0,-20.0
714013.0,4.0
656814.0,4.0
679712.0,7.0
695722.0,5.0
667141.0,4.0
675577.0,4.0
694412.0,5.0
629619.0,0.0
657223.0,4.0
671727.0,15.0
709843.0,11.0
636705.0,6.0
663267.0,5.0
697809.0,-2.0
654262.0,5.0
732151.0,1.0
633157.0,7.0
644651.0,12.0
671958.0,6.0
683889.0,6.0
671767.0,4.0
628541.0,5.0
688984.0,14.0
700348.0,5.0
680349.0,2.0
675765.0,0.0
704317.0,3.0
682873.0,9.0
687021.0,7.0
726124.0,4.0
655030.0,0.0
711802.0,6.0
644980.0,14.0
709348.0,4.0
656748.0,2.0
705765.0,4.0
723635.0,6.0
675514.0,5.0
645828.0,1.0
674093.0,10.0
714697.0,49.0
646477.0,0.0
729295.0,5.0
752077.0,3.0
712296.0,8.0
696315.0,2.0
660443.0,2.0
724756.0,2.0
650508.0,4.0
652619.0,2.0
668674.0,5.0
680383.0,0.0
685842.0,3.0
708332.0,8.0
661977.0,4.0
764136.0,7.0
750875.0,-3.0
710497.0,3.0
683576.0,8.0
641882.0,4.0
707963.0,3.0
700723.0,10.0
722047.0,8.0
733389.0,2.0
640405.0,5.0
667653.0,6.0
688639.0,5.0
668990.0,4.0
677027.0,9.0
661465.0,6.0
680141.0,13.0
653989.0,1.0
681170.0,-2.0
668405.0,4.0
615938.0,3.0
633821.0,1.0
672761.0,-10.0
697106.0,7.0
758067.0,8.0
672961.0,9.0
724205.0,2.0
700830.0,1.0
760555.0,4.0
671756.0,-12.0
697998.0,8.0
745038.0,2.0
686025.0,6.0
683821.0,7.0
668879.0,10.0
702434.0,-10.0
762445.0,4.0
665123.0,7.0
696293.0,8.0
685952.0,2.0
634302.0,5.0
625011.0,1.0
692075.0,5.0
712850.0,3.0
689556.0,7.0
696175.0,4.0
698338.0,7.0
664885.0,-3.0
621036.0,2.0
696774.0,6.0
654054.0,10.0
650394.0,5.0
648165.0,2.0
643736.0,5.0
656704.0,-1.0
717453.0,7.0
662363.0,6.0
608229.0,4.0
663476.0,-2.0
680376.0,7.0
677309.0,3.0
645523.0,5.0
608115.0,7.0
638041.0,1.0
650004.0,3.0
601591.0,6.0
667204.0,3.0
649487.0,5.0
595771.0,7.0
676577.0,7.0
688049.0,2.0
687246.0,8.0
591455.0,0.0
683267.0,1.0
669010.0,6.0
713638.0,8.0
702694.0,5.0
730716.0,6.0
678557.0,4.0
713598.0,9.0
649912.0,6.0
644661.0,4.0
682184.0,6.0
719479.0,2.0
649617.0,-1.0
677009.0,10.0
667606.0,8.0
693773.0,5.0
663881.0,0.0
593833.0,6.0
690436.0,2.0
672124.0,7.0
763873.0,2.0
642652.0,5.0
573540.0,6.0
690929.0,5.0
676782.0,0.0
681756.0,5.0
663991.0,-8.0
717032.0,22.0
665620.0,11.0
692231.0,-5.0
674188.0,2.0
639847.0,2.0
678896.0,4.0
663477.0,12.0
617113.0,6.0
701635.0,5.0
710002.0,6.0
655569.0,5.0
712469.0,-1.0
600028.0,6.0
738108.0,5.0
636754.0,-3.0
643529.0,1.0
660174.0,3.0
653450.0,5.0
618367.0,-3.0
706998.0,13.0
608409.0,7.0
599934.0,2.0
597051.0,6.0
708332.0,5.0
699604.0,1.0
649925.0,5.0
625708.0,3.0
635452.0,7.0
711000.0,-3.0
735156.0,7.0
611684.0,6.0
759581.0,10.0
703553.0,9.0
721667.0,28.0
647044.0,1.0
590791.0,5.0
696333.0,8.0
639651.0,6.0
676917.0,10.0
706489.0,9.0
681603.0,3.0
641885.0,5.0
677232.0,21.0
678075.0,-8.0
640135.0,7.0
600961.0,4.0
653053.0,15.0
743821.0,3.0
709364.0,6.0
686198.0,3.0
723492.0,11.0
696777.0,7.0
756813.0,4.0
686837.0,-1.0
768148.0,2.0
672690.0,3.0
668987.0,4.0
661581.0,4.0
622692.0,-1.0
703766.0,3.0
641783.0,5.0
706292.0,5.0
617326.0,10.0
661673.0,3.0
683601.0,4.0
697609.0,5.0
659880.0,4.0
657386.0,4.0
696014.0,8.0
674417.0,0.0
675085.0,8.0
678525.0,1.0
652932.0,-1.0
688426.0,4.0
728089.0,7.0
640551.0,5.0
674432.0,11.0
582676.0,2.0
671390.0,13.0
750661.0,4.0
729314.0,7.0
667243.0,0.0
667636.0,6.0
688300.0,4.0
698036.0,3.0
727575.0,7.0
656533.0,6.0
700141.0,2.0
687213.0,7.0
683389.0,0.0
669765.0,6.0
605404.0,9.0
549414.0,2.0
733560.0,2.0
683255.0,7.0
693700.0,10.0
659355.0,8.0
683051.0,2.0
705658.0,1.0
645359.0,2.0
673887.0,4.0
645165.0,21.0
688275.0,-1.0
557689.0,-4.0
611135.0,1.0
695120.0,8.0
683150.0,8.0
635861.0,-1.0
751761.0,9.0
657959.0,-1.0
661013.0,7.0
681541.0,4.0
674321.0,3.0
658332.0,8.0
703091.0,4.0
736278.0,5.0
723039.0,9.0
651103.0,11.0
663874.0,4.0
677287.0,11.0
695584.0,10.0
660200.0,-3.0
678150.0,4.0
643846.0,3.0
575726.0,3.0
635784.0,-1.0
712647.0,5.0
683500.0,7.0
647419.0,6.0
642482.0,6.0
677451.0,6.0
652170.0,8.0
653341.0,2.0
653432.0,2.0
611613.0,3.0
736310.0,12.0
656174.0,-1.0
705832.0,9.0
658900.0,2.0
663050.0,1.0
683029.0,3.0
669445.0,2.0
696508.0,5.0
727591.0,4.0
670807.0,0.0
704801.0,3.0
733164.0,5.0
701477.0,5.0
679240.0,5.0
703344.0,4.0
634686.0,0.0
734914.0,6.0
676178.0,4.0
658198.0,-22.0
611058.0,6.0
698529.0,2.0
639195.0,4.0
708055.0,5.0
691650.0,4.0
667367.0,13.0
690255.0,5.0
710544.0,8.0
697470.0,4.0
608398.0,8.0
704266.0,17.0
672942.0,9.0
697917.0,8.0
677799.0,6.0
622381.0,12.0
708442.0,6.0
641081.0,2.0
716857.0,10.0
621713.0,5.0
705202.0,-2.0
722649.0,2.0
700366.0,3.0
638137.0,3.0
644043.0,-1.0
683740.0,7.0
764048.0,-1.0
624486.0,2.0
663530.0,3.0
627925.0,10.0
669738.0,5.0
673674.0,5.0
652919.0,7.0
665735.0,5.0
692887.0,1.0
695499.0,10.0
668293.0,11.0
691010.0,11.0
717566.0,6.0
743472.0,8.0
639725.0,1.0
689652.0,0.0
616099.0,-1.0
650485.0,3.0
685414.0,1.0
649865.0,4.0
693957.0,2.0
617387.0,2.0
671221.0,5.0
683385.0,1.0
725409.0,3.0
613685.0,5.0
702356.0,5.0
674936.0,1.0
636025.0,-2.0
673203.0,6.0
647489.0,-1.0
656797.0,7.0
660566.0,3.0
656223.0,3.0
674527.0,3.0
629395.0,5.0
574494.0,7.0
715345.0,1.0
691574.0,8.0
621595.0,4.0
726188.0,7.0
659499.0,4.0
729091.0,-3.0
632281.0,27.0
706654.0,10.0
673259.0,3.0
710125.0,8.0
645618.0,14.0
696234.0,9.0
599514.0,7.0
676153.0,3.0
647455.0,-2.0
690279.0,6.0
598114.0,3.0
668697.0,10.0
672466.0,5.0
688373.0,-3.0
705490.0,5.0
700826.0,2.0
657952.0,1.0
673478.0,2.0
682265.0,4.0
707769.0,7.0
639863.0,3.0
660321.0,3.0
650767.0,1.0
712086.0,0.0
730005.0,8.0
697439.0,8.0
705910.0,4.0
633525.0,6.0
708897.0,6.0
689772.0,8.0
699797.0,5.0
713095.0,6.0
664987.0,6.0
574788.0,7.0
628218.0,1.0
696615.0,5.0
677027.0,-1.0
637636.0,17.0
730821.0,12.0
654516.0,3.0
637692.0,1.0
741422.0,7.0
775388.0,7.0
705599.0,-8.0
679301.0,5.0
711000.0,5.0
640451.0,3.0
698295.0,8.0
645459.0,88.0
610675.0,0.0
638542.0,1.0
648632.0,6.0
724120.0,5.0
676462.0,4.0
678304.0,6.0
698961.0,8.0
693010.0,9.0
654714.0,1.0
692145.0,6.0
707008.0,5.0
636179.0,1.0
645589.0,4.0
710131.0,-31.0
604754.0,6.0
702127.0,5.0
718081.0,2.0
663218.0,6.0
656826.0,6.0
730905.0,10.0
643068.0,7.0
651693.0,6.0
665213.0,22.0
672076.0,2.0
670621.0,3.0
740500.0,0.0
632911.0,7.0
680699.0,9.0
676327.0,3.0
624796.0,2.0
732406.0,3.0
654843.0,6.0
661760.0,9.0
670173.0,4.0
690489.0,4.0
624233.0,7.0
672393.0,0.0
686359.0,2.0
709429.0,-1.0
681966.0,-1.0
653626.0,5.0
697039.0,3.0
683584.0,3.0
703704.0,2.0
639910.0,4.0
646199.0,9.0
641964.0,12.0
657876.0,3.0
680137.0,3.0
606813.0,4.0
704033.0,8.0
641072.0,0.0
629090.0,4.0
617526.0,3.0
651504.0,5.0
663368.0,5.0
706819.0,5.0
614945.0,0.0
670589.0,4.0
599677.0,3.0
702619.0,3.0
682089.0,5.0
645021.0,4.0
746358.0,7.0
702122.0,6.0
732641.0,6.0
628523.0,4.0
720450.0,8.0
735519.0,5.0
654817.0,2.0
704103.0,12.0
663050.0,6.0
665849.0,2.0
692009.0,6.0
660274.0,-6.0
696111.0,9.0
726670.0,11.0
701546.0,5.0
661037.0,3.0
675875.0,10.0
684059.0,3.0
762655.0,4.0
683256.0,7.0
694716.0,8.0
686408.0,2.0
706524.0,5.0
721694.0,5.0
775757.0,3.0
636582.0,7.0
710685.0,4.0
657394.0,5.0
662337.0,1.0
694200.0,6.0
608071.0,0.0
664246.0,2.0
653699.0,3.0
670500.0,8.0
604463.0,4.0
627045.0,5.0
652774.0,3.0
683461.0,4.0
682160.0,4.0
674343.0,2.0
694217.0,9.0
781446.0,3.0
700627.0,4.0
632690.0,-1.0
702621.0,2.0
695280.0,1.0
666999.0,1.0
767660.0,1.0
645419.0,2.0
745908.0,3.0
702049.0,6.0
710007.0,6.0
707133.0,7.0
613548.0,-1.0
726137.0,1.0
646949.0,5.0
669474.0,4.0
705575.0,3.0
694431.0,5.0
648420.0,7.0
699604.0,9.0
639360.0,6.0
653568.0,7.0
713285.0,4.0
685981.0,9.0
661250.0,1.0
679587.0,4.0
755137.0,-84.0
626236.0,1.0
787969.0,0.0
651039.0,6.0
688955.0,10.0
710527.0,-1.0
710222.0,8.0
659125.0,0.0
727251.0,-13.0
673081.0,2.0
691680.0,3.0
664532.0,6.0
698764.0,5.0
621815.0,3.0
706647.0,1.0
737720.0,3.0
627542.0,9.0
616867.0,9.0
750472.0,5.0
551588.0,4.0
645511.0,2.0
729004.0,8.0
727146.0,5.0
632083.0,4.0
652309.0,6.0
696761.0,5.0
660287.0,5.0
688558.0,11.0
752307.0,6.0
689043.0,-2.0
749005.0,2.0
682173.0,9.0
713698.0,3.0
731716.0,9.0
639778.0,3.0
637252.0,8.0
708106.0,4.0
705681.0,5.0
706932.0,7.0
651340.0,4.0
675077.0,6.0
700751.0,3.0
692742.0,2.0
690292.0,11.0
607473.0,2.0
710598.0,7.0
682624.0,-3.0
662331.0,5.0
738707.0,2.0
662088.0,2.0
718768.0,13.0
677715.0,12.0
731945.0,0.0
639908.0,4.0
693666.0,3.0
684639.0,7.0
691871.0,0.0
674436.0,-5.0
690389.0,7.0
654683.0,6.0
710111.0,5.0
653927.0,6.0
712412.0,2.0
694650.0,6.0
646308.0,5.0
707091.0,12.0
702595.0,8.0
674312.0,2.0
667257.0,3.0
642637.0,3.0
615706.0,-2.0
679471.0,4.0
658245.0,7.0
727854.0,3.0
643581.0,1.0
709620.0,14.0
650966.0,0.0
623312.0,5.0
660128.0,5.0
678216.0,6.0
729154.0,5.0
806802.0,6.0
621044.0,6.0
643983.0,10.0
683342.0,3.0
698640.0,0.0
567032.0,5.0
763146.0,6.0
679121.0,3.0
696605.0,0.0
644129.0,3.0
642888.0,7.0
609201.0,7.0
603771.0,7.0
618052.0,5.0
693668.0,-1.0
649522.0,6.0
684979.0,6.0
635481.0,5.0
637925.0,4.0
746560.0,1.0
691119.0,13.0
705088.0,8.0
658189.0,5.0
707528.0,2.0
639979.0,-1.0
680699.0,9.0
677270.0,8.0
693036.0,9.0
725980.0,4.0
643595.0,10.0
709018.0,9.0
626024.0,6.0
664720.0,5.0
680399.0,6.0
632280.0,9.0
712066.0,3.0
663911.0,5.0
623274.0,0.0
730694.0,3.0
627885.0,7.0
728498.0,0.0
681608.0,1.0
726451.0,1.0
663811.0,10.0
727203.0,-3.0
687826.0,4.0
710556.0,7.0
765528.0,6.0
689624.0,8.0
671323.0,13.0
733036.0,9.0
757328.0,3.0
717823.0,0.0
668605.0,2.0
648920.0,5.0
640677.0,6.0
680975.0,0.0
664418.0,4.0
649948.0,5.0
572261.0,-1.0
662859.0,0.0
601532.0,3.0
701998.0,0.0
645352.0,5.0
713266.0,-4.0
643167.0,3.0
652936.0,2.0
689767.0,2.0
662860.0,8.0
722571.0,4.0
741271.0,4.0
681820.0,5.0
661968.0,1.0
646824.0,5.0
724122.0,10.0
730001.0,4.0
696481.0,8.0
713888.0,3.0
686081.0,5.0
680603.0,2.0
676762.0,8.0
660865.0,8.0
721717.0,8.0
667681.0,4.0
670985.0,4.0
662377.0,-1.0
669614.0,5.0
778553.0,7.0
619070.0,8.0
612223.0,9.0
703226.0,-12.0
684983.0,3.0
683228.0,7.0
668066.0,2.0
694798.0,3.0
625297.0,1.0
682362.0,6.0
752893.0,11.0
680733.0,1.0
629809.0,9.0
673251.0,2.0
737840.0,8.0
684317.0,5.0
691700.0,0.0
723266.0,11.0
703769.0,7.0
669140.0,4.0
722026.0,3.0
678572.0,-7.0
708087.0,-5.0
692481.0,2.0
626430.0,0.0
705325.0,6.0
660976.0,6.0
673243.0,0.0
735242.0,-1.0
645544.0,5.0
653093.0,2.0
663813.0,2.0
680837.0,10.0
636125.0,2.0
696438.0,1.0
712435.0,9.0
672056.0,6.0
710619.0,4.0
681544.0,26.0
658028.0,3.0
669261.0,4.0
710011.0,6.0
717946.0,2.0
700092.0,2.0
743637.0,2.0
709411.0,10.0
598599.0,2.0
704186.0,8.0
739029.0,1.0
707879.0,4.0
656400.0,3.0
671340.0,6.0
669198.0,9.0
694486.0,2.0
699006.0,7.0
698262.0,4.0
714304.0,8.0
657386.0,-22.0
673209.0,7.0
699504.0,6.0
675350.0,4.0
669703.0,9.0
684824.0,6.0
676485.0,2.0
708169.0,8.0
677779.0,7.0
724299.0,7.0
717136.0,6.0
697992.0,3.0
768162.0,6.0
682310.0,2.0
598965.0,7.0
706901.0,6.0
609488.0,4.0
715017.0,3.0
638030.0,-56.0
644007.0,4.0
654000.0,0.0
694367.0,8.0
668814.0,4.0
669609.0,4.0
657561.0,9.0
676537.0,1.0
738154.0,1.0
718659.0,8.0
700739.0,6.0
664942.0,7.0
709676.0,0.0
662926.0,6.0
696373.0,7.0
688414.0,7.0
633598.0,2.0
713592.0,4.0
669842.0,3.0
622198.0,-3.0
671540.0,7.0
625142.0,8.0
672841.0,2.0
629551.0,1.0
683083.0,5.0
711457.0,-1.0
695146.0,3.0
713706.0,4.0
642298.0,8.0
627624.0,8.0
677912.0,4.0
638649.0,7.0
721448.0,7.0
704981.0,4.0
689084.0,19.0
734031.0,2.0
698556.0,9.0
788103.0,-3.0
739555.0,4.0
596384.0,2.0
712938.0,6.0
712993.0,-10.0
699374.0,7.0
692513.0,6.0
714533.0,2.0
666842.0,2.0
695145.0,6.0
691268.0,9.0
706319.0,1.0
700495.0,-3.0
628311.0,4.0
730946.0,-3.0
678336.0,9.0
754339.0,5.0
660599.0,8.0
725725.0,5.0
760258.0,4.0
634624.0,4.0
674617.0,-3.0
701656.0,3.0
701146.0,6.0
609592.0,-2.0
728178.0,8.0
670714.0,-1.0
674364.0,5.0
711077.0,6.0
666127.0,8.0
706677.0,7.0
623514.0,17.0
706628.0,7.0
647723.0,1.0
617407.0,2.0
733726.0,8.0
670035.0,-6.0
673430.0,8.0
684265.0,7.0
664040.0,-10.0
677976.0,-1.0
745037.0,4.0
713545.0,3.0
676479.0,1.0
692372.0,0.0
672332.0,6.0
657484.0,2.0
689690.0,-4.0
695207.0,1.0
688192.0,1.0
733931.0,6.0
610288.0,3.0
665198.0,3.0
671679.0,9.0
770126.0,7.0
620317.0,4.0
663437.0,3.0
692189.0,1.0
744249.0,3.0
718672.0,11.0
713625.0,10.0
678146.0,8.0
637757.0,1.0
703431.0,6.0
678071.0,8.0
710763.0,1.0
719731.0,8.0
694568.0,5.0
726021.0,13.0
626537.0,9.0
661793.0,4.0
622457.0,4.0
677097.0,9.0
679500.0,5.0
683869.0,2.0
719497.0,11.0
739105.0,2.0
649793.0,5.0
662442.0,4.0
685825.0,5.0
663234.0,2.0
591551.0,8.0
678657.0,2.0
647131.0,8.0
649055.0,4.0
683049.0,5.0
616687.0,5.0
690540.0,1.0
635521.0,6.0
702063.0,2.0
596316.0,1.0
693710.0,5.0
635335.0,6.0
701980.0,1.0
691220.0,8.0
674641.0,5.0
683318.0,8.0
724230.0,3.0
707144.0,6.0
623850.0,6.0
676311.0,3.0
678262.0,3.0
732673.0,3.0
651036.0,12.0
702722.0,5.0
730498.0,9.0
629580.0,-3.0
658539.0,3.0
704192.0,22.0
659725.0,9.0
699982.0,19.0
581512.0,-1.0
717943.0,7.0
678418.0,3.0
682336.0,3.0
700789.0,1.0
625573.0,9.0
763978.0,8.0
701457.0,6.0
666102.0,3.0
676084.0,1.0
704715.0,4.0
700696.0,2.0
707930.0,9.0
697675.0,4.0
735935.0,7.0
683223.0,4.0
760857.0,7.0
710210.0,64.0
664076.0,8.0
675976.0,7.0
588029.0,3.0
685802.0,1.0
721253.0,5.0
700616.0,2.0
670799.0,9.0
660292.0,0.0
615626.0,1.0
616058.0,7.0
708532.0,13.0
677807.0,8.0
609416.0,10.0
685202.0,5.0
640505.0,4.0
652524.0,5.0
596379.0,10.0
722531.0,6.0
674103.0,0.0
695305.0,6.0
679038.0,3.0
