0,1
4.798286666666667,2.0
4.279326666666667,16.0
4.454546666666666,4.0
4.327186666666667,1.0
4.3494,8.0
4.7898,9.0
4.3343533333333335,-2.0
4.421406666666667,1.0
4.75512,8.0
4.555486666666667,7.0
4.798066666666666,8.0
4.586706666666666,11.0
4.303753333333334,2.0
4.343353333333333,7.0
4.537226666666666,14.0
4.583846666666667,-20.0
4.760086666666667,4.0
4.37876,4.0
4.531413333333333,7.0
4.638146666666667,5.0
4.447606666666666,4.0
4.503846666666667,4.0
4.629413333333333,5.0
4.19746,0.0
4.3814866666666665,4.0
4.47818,15.0
4.732286666666667,11.0
4.2447,6.0
4.42178,5.0
4.65206,-2.0
4.361746666666667,5.0
4.881006666666667,1.0
4.221046666666667,7.0
4.297673333333333,12.0
4.47972,6.0
4.55926,6.0
4.478446666666667,4.0
4.190273333333334,5.0
4.593226666666666,14.0
4.668986666666667,5.0
4.53566,2.0
4.5051,0.0
4.695446666666666,3.0
4.552486666666667,9.0
4.58014,7.0
4.840826666666667,4.0
4.366866666666667,0.0
4.745346666666666,6.0
4.2998666666666665,14.0
4.728986666666667,4.0
4.37832,2.0
4.7051,4.0
4.824233333333333,6.0
4.503426666666667,5.0
4.30552,1.0
4.493953333333334,10.0
4.764646666666667,49.0
4.309846666666667,0.0
4.8619666666666665,5.0
5.013846666666667,3.0
4.74864,8.0
4.6421,2.0
4.4029533333333335,2.0
4.831706666666666,2.0
4.33672,4.0
4.350793333333334,2.0
4.457826666666667,5.0
4.535886666666666,0.0
4.57228,3.0
4.722213333333333,8.0
4.41318,4.0
5.09424,7.0
5.005833333333333,-3.0
4.736646666666666,3.0
4.557173333333333,8.0
4.279213333333334,4.0
4.719753333333333,3.0
4.671486666666667,10.0
4.813646666666667,8.0
4.88926,2.0
4.2693666666666665,5.0
4.45102,6.0
4.590926666666666,5.0
4.459933333333334,4.0
4.513513333333333,9.0
4.409766666666667,6.0
4.534273333333333,13.0
4.3599266666666665,1.0
4.541133333333334,-2.0
4.456033333333333,4.0
4.106253333333333,3.0
4.225473333333333,1.0
4.485073333333333,-10.0
4.647373333333333,7.0
5.05378,8.0
4.486406666666666,9.0
4.828033333333333,2.0
4.6722,1.0
5.070366666666667,4.0
4.478373333333334,-12.0
4.65332,8.0
4.96692,2.0
4.5735,6.0
4.5588066666666665,7.0
4.459193333333333,10.0
4.682893333333333,-10.0
5.082966666666667,4.0
4.434153333333334,7.0
4.641953333333333,8.0
4.573013333333333,2.0
4.22868,5.0
4.16674,1.0
4.613833333333333,5.0
4.7523333333333335,3.0
4.59704,7.0
4.641166666666667,4.0
4.655586666666666,7.0
4.432566666666666,-3.0
4.14024,2.0
4.64516,6.0
4.36036,10.0
4.33596,5.0
4.3211,2.0
4.291573333333333,5.0
4.378026666666667,-1.0
4.78302,7.0
4.415753333333333,6.0
4.05486,4.0
4.423173333333334,-2.0
4.53584,7.0
4.515393333333333,3.0
4.303486666666666,5.0
4.0541,7.0
4.253606666666666,1.0
4.33336,3.0
4.010606666666667,6.0
4.448026666666666,3.0
4.329913333333334,5.0
3.9718066666666667,7.0
4.510513333333333,7.0
4.586993333333333,2.0
4.58164,8.0
3.943033333333333,0.0
4.555113333333333,1.0
4.460066666666667,6.0
4.757586666666667,8.0
4.6846266666666665,5.0
4.87144,6.0
4.523713333333333,4.0
4.75732,9.0
4.332746666666667,6.0
4.29774,4.0
4.547893333333334,6.0
4.796526666666667,2.0
4.33078,-1.0
4.513393333333333,10.0
4.450706666666667,8.0
4.6251533333333334,5.0
4.4258733333333335,0.0
3.958886666666667,6.0
4.602906666666667,2.0
4.480826666666666,7.0
5.092486666666667,2.0
4.284346666666667,5.0
3.8236,6.0
4.606193333333334,5.0
4.51188,0.0
4.54504,5.0
4.426606666666666,-8.0
4.780213333333333,22.0
4.4374666666666664,11.0
4.614873333333334,-5.0
4.494586666666667,2.0
4.265646666666667,2.0
4.525973333333333,4.0
4.42318,12.0
4.114086666666666,6.0
4.677566666666666,5.0
4.733346666666667,6.0
4.37046,5.0
4.749793333333334,-1.0
4.000186666666667,6.0
4.92072,5.0
4.245026666666667,-3.0
4.290193333333334,1.0
4.40116,3.0
4.356333333333334,5.0
4.122446666666667,-3.0
4.71332,13.0
4.05606,7.0
3.99956,2.0
3.98034,6.0
4.722213333333333,5.0
4.6640266666666665,1.0
4.332833333333333,5.0
4.171386666666667,3.0
4.236346666666667,7.0
4.74,-3.0
4.90104,7.0
4.077893333333333,6.0
5.0638733333333334,10.0
4.690353333333333,9.0
4.811113333333333,28.0
4.313626666666667,1.0
3.938606666666667,5.0
4.64222,8.0
4.26434,6.0
4.51278,10.0
4.709926666666667,9.0
4.54402,3.0
4.279233333333333,5.0
4.51488,21.0
4.5205,-8.0
4.267566666666666,7.0
4.006406666666667,4.0
4.3536866666666665,15.0
4.958806666666667,3.0
4.729093333333333,6.0
4.574653333333333,3.0
4.82328,11.0
4.64518,7.0
5.04542,4.0
4.578913333333333,-1.0
5.120986666666667,2.0
4.4846,3.0
4.459913333333334,4.0
4.41054,4.0
4.15128,-1.0
4.691773333333333,3.0
4.278553333333333,5.0
4.708613333333333,5.0
4.115506666666667,10.0
4.411153333333333,3.0
4.55734,4.0
4.6507266666666665,5.0
4.3992,4.0
4.382573333333333,4.0
4.640093333333334,8.0
4.496113333333334,0.0
4.500566666666667,8.0
4.5235,1.0
4.35288,-1.0
4.589506666666667,4.0
4.853926666666666,7.0
4.27034,5.0
4.496213333333333,11.0
3.8845066666666668,2.0
4.475933333333334,13.0
5.004406666666666,4.0
4.862093333333333,7.0
4.448286666666666,0.0
4.450906666666667,6.0
4.588666666666667,4.0
4.653573333333333,3.0
4.8505,7.0
4.376886666666667,6.0
4.667606666666667,2.0
4.58142,7.0
4.555926666666666,0.0
4.4651,6.0
4.036026666666666,9.0
3.66276,2.0
4.8904,2.0
4.555033333333333,7.0
4.624666666666666,10.0
4.3957,8.0
4.553673333333333,2.0
4.704386666666666,1.0
4.302393333333334,2.0
4.49258,4.0
4.3011,21.0
4.5885,-1.0
3.7179266666666666,-4.0
4.074233333333333,1.0
4.634133333333334,8.0
4.554333333333333,8.0
4.239073333333334,-1.0
5.01174,9.0
4.386393333333333,-1.0
4.4067533333333335,7.0
4.543606666666666,4.0
4.495473333333333,3.0
4.38888,8.0
4.687273333333334,4.0
4.90852,5.0
4.82026,9.0
4.340686666666667,11.0
4.425826666666667,4.0
4.515246666666667,11.0
4.637226666666667,10.0
4.4013333333333335,-3.0
4.521,4.0
4.292306666666667,3.0
3.838173333333333,3.0
4.23856,-1.0
4.75098,5.0
4.556666666666667,7.0
4.3161266666666664,6.0
4.283213333333333,6.0
4.51634,6.0
4.3478,8.0
4.355606666666667,2.0
4.356213333333334,2.0
4.07742,3.0
4.908733333333333,12.0
4.374493333333334,-1.0
4.705546666666667,9.0
4.392666666666667,2.0
4.420333333333334,1.0
4.5535266666666665,3.0
4.4629666666666665,2.0
4.643386666666666,5.0
4.850606666666667,4.0
4.4720466666666665,0.0
4.698673333333334,3.0
4.88776,5.0
4.676513333333333,5.0
4.528266666666667,5.0
4.68896,4.0
4.23124,0.0
4.899426666666667,6.0
4.507853333333333,4.0
4.3879866666666665,-22.0
4.07372,6.0
4.65686,2.0
4.2613,4.0
4.720366666666667,5.0
4.611,4.0
4.449113333333333,13.0
4.6017,5.0
4.73696,8.0
4.6498,4.0
4.055986666666667,8.0
4.695106666666667,17.0
4.48628,9.0
4.65278,8.0
4.51866,6.0
4.149206666666666,12.0
4.722946666666667,6.0
4.273873333333333,2.0
4.779046666666667,10.0
4.144753333333333,5.0
4.701346666666667,-2.0
4.81766,2.0
4.669106666666667,3.0
4.254246666666667,3.0
4.29362,-1.0
4.5582666666666665,7.0
5.093653333333333,-1.0
4.16324,2.0
4.423533333333333,3.0
4.186166666666667,10.0
4.46492,5.0
4.49116,5.0
4.3527933333333335,7.0
4.438233333333334,5.0
4.619246666666666,1.0
4.63666,10.0
4.455286666666667,11.0
4.606733333333334,11.0
4.783773333333333,6.0
4.95648,8.0
4.264833333333334,1.0
4.59768,0.0
4.107326666666666,-1.0
4.336566666666666,3.0
4.569426666666667,1.0
4.332433333333333,4.0
4.62638,2.0
4.115913333333333,2.0
4.474806666666667,5.0
4.5559,1.0
4.83606,3.0
4.091233333333333,5.0
4.6823733333333335,5.0
4.499573333333333,1.0
4.240166666666667,-2.0
4.48802,6.0
4.3165933333333335,-1.0
4.378646666666667,7.0
4.4037733333333335,3.0
4.37482,3.0
4.496846666666666,3.0
4.195966666666667,5.0
3.82996,7.0
4.768966666666667,1.0
4.610493333333333,8.0
4.143966666666667,4.0
4.841253333333333,7.0
4.39666,4.0
4.8606066666666665,-3.0
4.215206666666667,27.0
4.711026666666666,10.0
4.488393333333334,3.0
4.734166666666667,8.0
4.30412,14.0
4.64156,9.0
3.99676,7.0
4.507686666666666,3.0
4.316366666666666,-2.0
4.60186,6.0
3.9874266666666665,3.0
4.45798,10.0
4.483106666666667,5.0
4.589153333333333,-3.0
4.703266666666667,5.0
4.672173333333333,2.0
4.386346666666666,1.0
4.4898533333333335,2.0
4.5484333333333336,4.0
4.71846,7.0
4.2657533333333335,3.0
4.40214,3.0
4.338446666666667,1.0
4.74724,0.0
4.8667,8.0
4.649593333333334,8.0
4.706066666666667,4.0
4.2235,6.0
4.72598,6.0
4.59848,8.0
4.665313333333334,5.0
4.753966666666667,6.0
4.433246666666666,6.0
3.83192,7.0
4.18812,1.0
4.6441,5.0
4.513513333333333,-1.0
4.250906666666666,17.0
4.87214,12.0
4.36344,3.0
4.25128,1.0
4.9428133333333335,7.0
5.169253333333334,7.0
4.703993333333333,-8.0
4.528673333333334,5.0
4.74,5.0
4.269673333333333,3.0
4.6553,8.0
4.30306,88.0
4.071166666666667,0.0
4.256946666666667,1.0
4.324213333333334,6.0
4.827466666666667,5.0
4.509746666666667,4.0
4.522026666666667,6.0
4.65974,8.0
4.620066666666666,9.0
4.36476,1.0
4.6143,6.0
4.713386666666667,5.0
4.241193333333333,1.0
4.3039266666666665,4.0
4.734206666666666,-31.0
4.031693333333333,6.0
4.680846666666667,5.0
4.787206666666667,2.0
4.421453333333333,6.0
4.37884,6.0
4.8727,10.0
4.28712,7.0
4.34462,6.0
4.434753333333333,22.0
4.480506666666667,2.0
4.470806666666666,3.0
4.9366666666666665,0.0
4.219406666666667,7.0
4.5379933333333335,9.0
4.508846666666667,3.0
4.165306666666667,2.0
4.8827066666666665,3.0
4.36562,6.0
4.411733333333333,9.0
4.46782,4.0
4.60326,4.0
4.161553333333333,7.0
4.48262,0.0
4.575726666666666,2.0
4.729526666666667,-1.0
4.54644,-1.0
4.357506666666667,5.0
4.646926666666666,3.0
4.557226666666667,3.0
4.69136,2.0
4.266066666666666,4.0
4.307993333333333,9.0
4.27976,12.0
4.38584,3.0
4.534246666666666,3.0
4.04542,4.0
4.693553333333333,8.0
4.273813333333333,0.0
4.193933333333334,4.0
4.11684,3.0
4.34336,5.0
4.422453333333333,5.0
4.712126666666666,5.0
4.099633333333333,0.0
4.470593333333333,4.0
3.9978466666666668,3.0
4.684126666666667,3.0
4.54726,5.0
4.30014,4.0
4.97572,7.0
4.680813333333333,6.0
4.884273333333334,6.0
4.190153333333333,4.0
4.803,8.0
4.90346,5.0
4.365446666666666,2.0
4.69402,12.0
4.420333333333334,6.0
4.438993333333333,2.0
4.613393333333334,6.0
4.4018266666666666,-6.0
4.64074,9.0
4.8444666666666665,11.0
4.676973333333334,5.0
4.406913333333334,3.0
4.505833333333333,10.0
4.560393333333334,3.0
5.084366666666667,4.0
4.55504,7.0
4.63144,8.0
4.576053333333333,2.0
4.71016,5.0
4.811293333333333,5.0
5.171713333333333,3.0
4.24388,7.0
4.7379,4.0
4.382626666666667,5.0
4.41558,1.0
4.628,6.0
4.053806666666667,0.0
4.428306666666667,2.0
4.357993333333333,3.0
4.47,8.0
4.029753333333334,4.0
4.1803,5.0
4.351826666666667,3.0
4.556406666666667,4.0
4.547733333333333,4.0
4.49562,2.0
4.628113333333333,9.0
5.20964,3.0
4.670846666666667,4.0
4.217933333333334,-1.0
4.68414,2.0
4.6352,1.0
4.44666,1.0
5.117733333333334,1.0
4.302793333333334,2.0
4.97272,3.0
4.680326666666667,6.0
4.73338,6.0
4.71422,7.0
4.09032,-1.0
4.840913333333333,1.0
4.312993333333333,5.0
4.46316,4.0
4.703833333333334,3.0
4.62954,5.0
4.3228,7.0
4.6640266666666665,9.0
4.2624,6.0
4.35712,7.0
4.755233333333333,4.0
4.573206666666667,9.0
4.408333333333333,1.0
4.53058,4.0
5.034246666666666,-84.0
4.174906666666667,1.0
5.253126666666667,0.0
4.34026,6.0
4.5930333333333335,10.0
4.736846666666667,-1.0
4.734813333333333,8.0
4.394166666666667,0.0
4.84834,-13.0
4.487206666666666,2.0
4.6112,3.0
4.430213333333334,6.0
4.658426666666666,5.0
4.145433333333333,3.0
4.71098,1.0
4.9181333333333335,3.0
4.183613333333334,9.0
4.112446666666667,9.0
5.003146666666667,5.0
3.6772533333333333,4.0
4.303406666666667,2.0
4.860026666666666,8.0
4.84764,5.0
4.213886666666666,4.0
4.348726666666667,6.0
4.645073333333333,5.0
4.401913333333333,5.0
4.590386666666666,11.0
5.01538,6.0
4.59362,-2.0
4.993366666666667,2.0
4.54782,9.0
4.757986666666667,3.0
4.878106666666667,9.0
4.265186666666667,3.0
4.2483466666666665,8.0
4.720706666666667,4.0
4.70454,5.0
4.71288,7.0
4.342266666666666,4.0
4.500513333333333,6.0
4.671673333333334,3.0
4.61828,2.0
4.601946666666667,11.0
4.04982,2.0
4.73732,7.0
4.550826666666667,-3.0
4.41554,5.0
4.924713333333333,2.0
4.41392,2.0
4.791786666666667,13.0
4.5181,12.0
4.8796333333333335,0.0
4.266053333333334,4.0
4.62444,3.0
4.56426,7.0
4.612473333333333,0.0
4.49624,-5.0
4.602593333333333,7.0
4.364553333333333,6.0
4.734073333333333,5.0
4.359513333333333,6.0
4.749413333333333,2.0
4.631,6.0
4.30872,5.0
4.71394,12.0
4.683966666666667,8.0
4.4954133333333335,2.0
4.44838,3.0
4.284246666666666,3.0
4.104706666666667,-2.0
4.5298066666666665,4.0
4.3883,7.0
4.85236,3.0
4.29054,1.0
4.7308,14.0
4.3397733333333335,0.0
4.155413333333334,5.0
4.400853333333333,5.0
4.52144,6.0
4.861026666666667,5.0
5.37868,6.0
4.140293333333333,6.0
4.29322,10.0
4.5556133333333335,3.0
4.6576,0.0
3.780213333333333,5.0
5.08764,6.0
4.527473333333333,3.0
4.644033333333334,0.0
4.294193333333333,3.0
4.28592,7.0
4.06134,7.0
4.02514,7.0
4.120346666666666,5.0
4.624453333333333,-1.0
4.330146666666667,6.0
4.566526666666666,6.0
4.23654,5.0
4.252833333333333,4.0
4.9770666666666665,1.0
4.60746,13.0
4.700586666666666,8.0
4.387926666666667,5.0
4.716853333333333,2.0
4.266526666666667,-1.0
4.5379933333333335,9.0
4.515133333333333,8.0
4.62024,9.0
4.8398666666666665,4.0
4.290633333333333,10.0
4.7267866666666665,9.0
4.173493333333333,6.0
4.431466666666667,5.0
4.535993333333334,6.0
4.2152,9.0
4.747106666666666,3.0
4.426073333333333,5.0
4.15516,0.0
4.871293333333333,3.0
4.1859,7.0
4.856653333333333,0.0
4.544053333333333,1.0
4.843006666666667,1.0
4.4254066666666665,10.0
4.84802,-3.0
4.585506666666666,4.0
4.73704,7.0
5.10352,6.0
4.597493333333333,8.0
4.475486666666667,13.0
4.8869066666666665,9.0
5.048853333333334,3.0
4.7854866666666664,0.0
4.457366666666666,2.0
4.326133333333333,5.0
4.27118,6.0
4.539833333333333,0.0
4.429453333333333,4.0
4.332986666666667,5.0
3.8150733333333333,-1.0
4.41906,0.0
4.010213333333334,3.0
4.679986666666666,0.0
4.302346666666667,5.0
4.755106666666666,-4.0
4.28778,3.0
4.352906666666667,2.0
4.598446666666667,2.0
4.419066666666667,8.0
4.81714,4.0
4.9418066666666665,4.0
4.545466666666667,5.0
4.41312,1.0
4.31216,5.0
4.82748,10.0
4.866673333333333,4.0
4.643206666666667,8.0
4.759253333333334,3.0
4.573873333333333,5.0
4.537353333333333,2.0
4.511746666666666,8.0
4.405766666666667,8.0
4.811446666666667,8.0
4.451206666666667,4.0
4.473233333333333,4.0
4.415846666666667,-1.0
4.4640933333333335,5.0
5.190353333333333,7.0
4.127133333333333,8.0
4.081486666666667,9.0
4.688173333333333,-12.0
4.566553333333333,3.0
4.554853333333333,7.0
4.453773333333333,2.0
4.631986666666666,3.0
4.168646666666667,1.0
4.54908,6.0
5.019286666666667,11.0
4.53822,1.0
4.1987266666666665,9.0
4.48834,2.0
4.918933333333333,8.0
4.5621133333333335,5.0
4.6113333333333335,0.0
4.821773333333334,11.0
4.691793333333333,7.0
4.460933333333333,4.0
4.813506666666667,3.0
4.523813333333333,-7.0
4.72058,-5.0
4.61654,2.0
4.1762,0.0
4.702166666666667,6.0
4.406506666666667,6.0
4.488286666666666,0.0
4.901613333333334,-1.0
4.303626666666666,5.0
4.353953333333333,2.0
4.42542,2.0
4.538913333333333,10.0
4.240833333333334,2.0
4.64292,1.0
4.7495666666666665,9.0
4.4803733333333335,6.0
4.73746,4.0
4.5436266666666665,26.0
4.386853333333334,3.0
4.46174,4.0
4.733406666666666,6.0
4.7863066666666665,2.0
4.66728,2.0
4.95758,2.0
4.729406666666667,10.0
3.99066,2.0
4.6945733333333335,8.0
4.92686,1.0
4.719193333333333,4.0
4.376,3.0
4.4756,6.0
4.46132,9.0
4.629906666666667,2.0
4.66004,7.0
4.65508,4.0
4.762026666666666,8.0
4.382573333333333,-22.0
4.48806,7.0
4.66336,6.0
4.5023333333333335,4.0
4.464686666666666,9.0
4.565493333333333,6.0
4.5099,2.0
4.721126666666667,8.0
4.518526666666666,7.0
4.82866,7.0
4.780906666666667,6.0
4.65328,3.0
5.12108,6.0
4.548733333333334,2.0
3.9931,7.0
4.712673333333333,6.0
4.063253333333333,4.0
4.76678,3.0
4.253533333333333,-56.0
4.29338,4.0
4.36,0.0
4.629113333333334,8.0
4.45876,4.0
4.46406,4.0
4.38374,9.0
4.510246666666666,1.0
4.921026666666667,1.0
4.79106,8.0
4.671593333333333,6.0
4.432946666666667,7.0
4.7311733333333335,0.0
4.419506666666667,6.0
4.642486666666667,7.0
4.589426666666666,7.0
4.223986666666667,2.0
4.75728,4.0
4.465613333333334,3.0
4.147986666666666,-3.0
4.476933333333333,7.0
4.167613333333334,8.0
4.4856066666666665,2.0
4.197006666666667,1.0
4.553886666666667,5.0
4.743046666666666,-1.0
4.634306666666666,3.0
4.75804,4.0
4.281986666666667,8.0
4.18416,8.0
4.5194133333333335,4.0
4.25766,7.0
4.809653333333333,7.0
4.699873333333334,4.0
4.593893333333333,19.0
4.89354,2.0
4.65704,9.0
5.25402,-3.0
4.930366666666667,4.0
3.9758933333333335,2.0
4.75292,6.0
4.753286666666667,-10.0
4.662493333333333,7.0
4.6167533333333335,6.0
4.763553333333333,2.0
4.445613333333333,2.0
4.6343,6.0
4.608453333333333,9.0
4.708793333333333,1.0
4.669966666666666,-3.0
4.18874,4.0
4.872973333333333,-3.0
4.52224,9.0
5.028926666666667,5.0
4.403993333333333,8.0
4.838166666666667,5.0
5.068386666666667,4.0
4.230826666666666,4.0
4.497446666666667,-3.0
4.6777066666666665,3.0
4.674306666666666,6.0
4.063946666666666,-2.0
4.85452,8.0
4.471426666666667,-1.0
4.49576,5.0
4.740513333333333,6.0
4.440846666666666,8.0
4.71118,7.0
4.15676,17.0
4.710853333333334,7.0
4.318153333333333,1.0
4.116046666666667,2.0
4.8915066666666664,8.0
4.4669,-6.0
4.489533333333333,8.0
4.561766666666666,7.0
4.426933333333333,-10.0
4.51984,-1.0
4.966913333333333,4.0
4.756966666666667,3.0
4.50986,1.0
4.6158133333333335,0.0
4.482213333333333,6.0
4.383226666666666,2.0
4.597933333333334,-4.0
4.634713333333333,1.0
4.587946666666666,1.0
4.892873333333333,6.0
4.068586666666667,3.0
4.434653333333333,3.0
4.47786,9.0
5.134173333333333,7.0
4.135446666666667,4.0
4.422913333333334,3.0
4.6145933333333335,1.0
4.96166,3.0
4.791146666666667,11.0
4.7575,10.0
4.520973333333333,8.0
4.251713333333333,1.0
4.68954,6.0
4.520473333333333,8.0
4.73842,1.0
4.798206666666666,8.0
4.6304533333333335,5.0
4.84014,13.0
4.176913333333333,9.0
4.411953333333333,4.0
4.149713333333334,4.0
4.51398,9.0
4.53,5.0
4.559126666666667,2.0
4.796646666666667,11.0
4.927366666666667,2.0
4.331953333333334,5.0
4.41628,4.0
4.572166666666667,5.0
4.42156,2.0
3.9436733333333334,8.0
4.52438,2.0
4.314206666666666,8.0
4.3270333333333335,4.0
4.55366,5.0
4.111246666666666,5.0
4.6036,1.0
4.236806666666666,6.0
4.68042,2.0
3.97544,1.0
4.624733333333333,5.0
4.235566666666666,6.0
4.679866666666666,1.0
4.608133333333333,8.0
4.497606666666667,5.0
4.555453333333333,8.0
4.8282,3.0
4.714293333333333,6.0
4.159,6.0
4.50874,3.0
4.521746666666667,3.0
4.884486666666667,3.0
4.34024,12.0
4.6848133333333335,5.0
4.869986666666667,9.0
4.1972,-3.0
4.39026,3.0
4.694613333333334,22.0
4.398166666666667,9.0
4.666546666666667,19.0
3.8767466666666666,-1.0
4.786286666666666,7.0
4.522786666666667,3.0
4.548906666666666,3.0
4.671926666666667,1.0
4.170486666666666,9.0
5.093186666666667,8.0
4.67638,6.0
4.44068,3.0
4.507226666666667,1.0
4.6981,4.0
4.671306666666666,2.0
4.719533333333334,9.0
4.651166666666667,4.0
4.906233333333334,7.0
4.55482,4.0
5.07238,7.0
4.734733333333334,64.0
4.427173333333333,8.0
4.506506666666667,7.0
3.920193333333333,3.0
4.5720133333333335,1.0
4.808353333333334,5.0
4.670773333333333,2.0
4.471993333333334,9.0
4.4019466666666665,0.0
4.104173333333334,1.0
4.107053333333333,7.0
4.723546666666667,13.0
4.518713333333333,8.0
4.062773333333333,10.0
4.568013333333333,5.0
4.270033333333333,4.0
4.35016,5.0
3.97586,10.0
4.816873333333334,6.0
4.49402,0.0
4.635366666666667,6.0
4.52692,3.0
