0
7.4523997598
8.2284974267
4.4975978686
4.9333990825
11.93009861
2.8292967514
8.5381966746
2.722197706
11.490697939
5.9806995435
5.5506966185
1.7865958571
1.0716957404
1.6833974301
0.74019931942
0.40729685702
5.7439979921
3.8163980001
9.2583971538
8.2934990466
10.788699028
6.6451999643
2.0332965449
2.4137982531
1.8997995034
4.3319960384
4.904098826
8.1124960549
0.1766982312
8.2833971473
5.2334978017
0.87429782806
1.8628979044
2.6384957242
4.7565977882
5.1184984768
6.0696973802
4.9540993045
3.7812981343
5.1944976926
2.6494975599
7.0623999497
3.4714990469
7.1431962472
8.4549997652
0.74329630004
4.1262957951
12.715296385
0.1766964305
5.0806978228
14.437899467
10.52799898
13.047299211
1.7642977139
1.7572993762
2.4710991654
3.8225956296
6.2596969482
1.6870961746
9.1902960726
0.58579812505
2.703696245
6.5081995342
7.6133979051
10.608697902
5.2302957678
0.21659874424
1.1381956316
1.2054971501
3.0212972826
0.70609685652
3.9980989059
10.840797837
6.6663980558
7.7795962383
1.1594976114
1.3774967439
2.8090960276
2.5371957623
5.4492970857
3.3151992178
8.1040980533
6.5190996062
5.5082991651
7.8586974667
0.57439740721
11.437698637
4.941197228
0.31049789671
10.104896681
6.0311971535
11.129996789
5.6328982914
6.1573984003
5.2268992625
2.5685997027
3.1696958908
9.9453985289
10.025098499
3.7228984193
0.59989660641
2.3270986126
7.803998775
4.7040976182
13.717797993
4.5300962966
12.974999234
5.0870983882
9.1413957986
0.20959725897
3.027096379
2.8903996124
5.3378962412
8.5152971771
7.7040985365
11.323698448
10.237297176
0.59529842429
3.7931977452
3.1889958933
9.1233994697
5.6472979297
4.3442993257
5.0008958274
0.88679806763
3.9833997645
1.0875956315
12.196198578
0.54389975102
7.4485965775
5.660597957
15.642498871
7.0612984065
7.226196606
0.47309680658
5.2151994803
7.2394958996
4.4114978777
2.1137993388
0.46129695465
11.651399488
10.938596692
0.14169902502
5.2706998536
5.9872960837
7.9559964278
4.8437957799
5.8632958621
3.0557980783
7.6831993855
9.4616983983
6.5195964363
4.1081983537
6.1017959508
0.44709636962
12.232298834
4.6736960439
7.0708955086
10.697599048
6.319195944
6.8029986073
1.4169995617
6.8464958657
6.1589979203
4.4387974545
7.3119991603
10.334197831
1.3795971135
4.9220969941
1.2225981214
9.3413986345
8.1310962494
1.4353961414
2.2391994231
4.6629977413
2.4988968007
5.5268966453
1.0240963076
7.288599091
12.254598333
2.4882973566
2.7052972504
6.8778998731
11.552599891
4.4437992163
3.2185978178
3.2900955754
12.540899404
3.7479972683
13.374096562
0.28479811227
1.1346979455
2.6941972661
5.4061989497
5.8534961462
15.555198444
4.9150974156
10.302397233
2.655297683
8.4498997011
1.8036969273
8.5890988511
5.0737963457
6.7216967729
3.8186986637
10.424597701
5.5740969342
0.73359639233
2.1709974593
0.55479773129
10.49159984
3.4921974014
1.4204962564
2.912697442
0.60409757202
11.288498412
5.8924985169
2.1105977856
5.3232958985
1.5333966106
5.3063976577
1.7545979603
5.3051963565
6.4743991719
6.9819990806
5.5157983491
7.2462993769
3.7378991589
11.362096811
1.9839963505
12.412295819
10.026199752
6.2068955687
7.7858973439
9.9180996519
3.8928986542
0.59879690872
6.3269988222
0.60139554242
4.0474996103
0.19519729569
0.23899598422
4.3070982039
7.1165986048
4.0010980866
11.92899803
7.1771980602
3.5875985501
2.4488969702
5.4864958459
7.0544987445
2.9776968412
5.6642995695
2.3477984409
4.1353989384
1.8630967418
7.1894999612
7.8034977106
5.0508995802
8.1487955764
11.023596134
2.1764972947
2.6594972342
6.7086958031
4.5299960681
5.0292969045
5.2673989479
2.4131999386
3.2211976892
6.6084996097
3.360698871
0.53219838592
6.3467961691
3.9925968788
4.0644993422
11.043899422
7.5853967184
2.9068986382
8.1592965379
5.7785986342
6.1851992825
7.5858963781
0.15929642996
7.9986960388
7.6682976149
3.5862959405
5.7470981471
7.4048985189
5.7325976591
3.7546970123
7.8974958129
1.446497137
7.0548980877
5.5499961155
3.7803970146
0.67729627171
2.9542984967
15.66379838
2.3179955775
1.3763981442
7.8129976563
4.4238955339
10.796100009
3.5023994264
7.4602970405
3.5414956883
8.8605956263
10.287498145
7.2847975623
6.1632989645
2.891495618
1.6753985725
1.0687999093
4.4230985491
2.9594999137
1.6120971265
2.6015985198
2.9265978964
10.508096032
8.0158974314
1.3295985604
4.4224990059
2.1457977742
5.8049966361
1.3967988172
6.3249996597
2.754796109
8.2328973034
7.773999598
4.8513961243
6.9604959904
9.682497319
13.265497719
1.0268965611
0.90309771172
5.1882979767
9.9453966424
11.095096054
1.9445959805
11.188697699
7.2274971168
6.6887990895
7.4668981662
11.765198693
5.4089990752
6.6815993494
4.1363958226
2.3924958448
6.9419982582
4.0868989349
3.3328972074
1.1900995771
10.971498087
2.3274985277
1.82429938
1.8784999731
5.3643982824
6.3272971516
8.6943961429
0.019197448362
2.6748965825
4.3651987815
15.426496494
1.902997397
14.238998367
2.0227993617
5.0407972741
2.3743968151
2.0466983353
1.6106969177
9.7107955786
2.3122971319
6.7272959871
8.0056968404
8.4333957998
0.72629605061
0.63059597762
0.68479956912
0.12929890279
7.3133965984
3.6180958613
9.4838965158
2.4728992065
11.579099658
8.5839999731
0.90309928362
4.3231971473
1.8741983679
10.011997353
9.9596967663
0.25189802276
0.95779610562
3.2107977112
8.2109997775
6.6297993162
11.02149992
5.5612996204
3.9172994272
2.6718956843
0.68169780912
4.1565967136
10.939496124
10.624796008
3.3341980808
6.6727996816
5.6063997961
7.8187983352
8.3067989128
5.864399154
4.0127965719
9.180699037
6.471995836
10.551695886
11.124799413
6.6728964144
13.062398814
6.127797463
7.0623988944
0.21359681826
1.9578998622
8.164696894
8.1581997355
6.1410981394
13.026198165
4.7781970343
7.442899751
13.067597267
7.3586996253
3.9947962277
1.779898824
4.3663979286
12.993095661
12.80169627
4.8982993153
7.8157974915
3.3665956796
0.42579986113
3.4554996952
1.033398299
12.947499619
4.6252981187
0.23069951572
9.1168965884
7.5207977698
2.5248955562
8.364796488
4.3081993903
6.9819986063
7.5385971187
5.2535990748
4.246499864
3.3159994383
10.889097164
3.0228972933
4.0719982551
8.6269965024
12.624899753
12.838797304
3.4159964213
8.324298764
1.2528983727
14.877497082
4.524195878
4.3747990396
4.8326958719
6.0396959581
0.97409655975
7.3732972697
0.86409705936
13.993296303
9.3711962837
6.2887956139
3.0870986506
3.1036970047
12.62289819
7.9188998426
10.119399723
1.1405960917
0.47689729472
7.8826979591
0.45399551891
6.1545984298
1.5945970127
1.7317981458
0.12509681621
4.1479989171
4.7895973551
10.037499242
2.1791977799
3.9847998611
11.521699224
3.0559964279
5.7025995742
5.8717998332
1.7247992555
2.7515998101
6.8372978297
9.8299998466
3.2016999359
0.0075991240633
6.0430994272
6.2047981156
5.7190992286
8.4003996267
1.8041970299
5.907298713
11.08859676
9.2189985959
0.98909693528
9.9930957383
11.292797046
6.2404979526
1.4861989978
14.39639806
10.043197036
9.3717978107
2.778095796
7.5103959552
0.56199672052
6.4212986214
10.325199594
2.9112964158
11.669596061
4.984399864
8.828097902
0.11389927087
5.4758963838
10.585197702
1.8730979953
9.7983978371
3.6975991361
0.077198789613
0.93689923181
8.4057956018
6.4573961027
5.4534982571
9.1988978311
5.5903959901
4.8315979045
7.1347988486
1.5886990108
7.6605999955
8.8595967743
3.013998289
8.0688960932
8.8913971117
1.4534993996
3.6649985531
10.560698412
3.8095990642
10.975797718
6.402098964
10.780197307
4.0886994554
10.842799075
3.2202957169
5.6791987321
8.2545959198
1.3708977695
5.0610956248
1.8162999045
3.2984962476
10.422399199
2.3392960168
14.613598197
0.27889958166
3.7352961372
3.5777966872
3.2819983312
4.8890979036
0.086297346463
12.615298276
14.726297858
3.3021971132
4.9464981885
12.129095515
6.9718967788
6.181798537
1.6114979569
3.0579972282
10.502396076
10.74719816
1.6375963319
3.5407967582
6.0971983154
5.1667984813
0.10649904336
9.2307961778
2.4880996054
4.8236978513
0.37679621306
10.154899735
0.95719890264
2.0628995951
4.9281958232
2.8383992255
8.1389991668
1.5902992893
2.41649623
10.948098265
6.7476974138
8.560498274
10.516696878
13.649598942
6.0751986975
1.215598058
7.8215974597
1.6546964335
7.0837960318
13.367595821
2.7663965372
2.174899809
11.571499671
3.66279563
5.3391998394
6.0194972811
7.9173974355
6.4290965826
10.635199283
3.1095989741
4.8986993019
4.0416972922
4.8128985241
1.5843995509
3.924099453
0.95699572243
9.7766979103
3.2613979624
5.8928974032
7.8694993297
0.77219765206
0.082495989954
1.4975995265
3.0771998904
3.1415972092
1.5764982007
5.1129977489
11.450499015
4.6057976437
5.9243963059
0.10399807886
3.9937957173
6.6153993813
5.2816998328
8.1757990555
4.5476986884
8.0503988039
5.3667982884
0.74129675996
7.298099751
1.4029965217
0.16339631115
6.4690999716
11.612196096
10.574699443
1.2488976204
5.1747995947
6.8409969559
8.0975957678
8.6843978239
5.3577976511
9.1920997301
7.200098823
7.3788977322
1.1656985618
8.6455965921
6.3115999439
14.544397937
8.9817989348
5.4141986727
12.986697033
2.7285973661
8.3837982747
7.0238977002
2.3243980292
13.655896681
13.218698516
3.4077962665
1.3055987761
0.086898979075
3.31599951
7.2507976023
12.188697887
2.2184961832
0.7192968441
4.4512975521
7.2389960286
4.1538958673
10.40439942
7.495396705
9.3243972177
0.45199566572
2.883998619
1.90639687
2.372299281
5.9513977024
4.6789960176
6.7304961191
9.833997277
7.9892962467
5.1029969446
1.6830986964
9.3594988883
5.858597826
3.8581999238
4.7166963018
1.0950971539
3.1533957029
4.019295739
1.0657999431
3.5639991644
2.3433984768
9.0967983092
7.4458991736
9.0175986279
4.6475960534
2.7110994436
4.943998692
10.877798816
7.3539975242
5.6701970572
0.32179896853
3.4900973827
3.727896371
2.3806955398
10.062998004
4.3618996619
10.787499205
8.6806971426
7.2853992065
10.5800971
10.513997282
8.3338962423
5.1605997939
7.3974976068
4.0969994471
4.03839552
0.44009898787
2.7351987012
0.48500000211
2.0502974348
2.0924988024
3.2779978274
1.4470982804
4.5503984947
0.32519968144
4.801396855
11.640696773
1.7875971756
11.701396941
0.17449666717
9.346798813
9.125496943
0.41049913311
4.9513959384
8.6992980732
8.1358974979
2.1605978454
7.9369982557
0.0053987969623
8.473798232
4.0957975806
4.4529973387
10.69379691
0.44099918413
6.3535964861
8.3290980054
6.1010961574
5.7334961136
1.9211983394
9.5860961627
3.623595762
3.9246989773
2.9968997265
6.1967988282
0.76729702313
6.9165967186
1.2988971274
10.816697159
2.4360964529
1.2296964709
2.8650990282
6.5541999056
6.7709955192
3.3020961954
11.208699923
10.862495974
0.57099940742
6.3383960814
3.8776989721
8.8795973607
5.6184993021
5.0125982738
12.484597322
3.0675986291
6.4495981908
9.3745983517
7.4362977782
0.080598798524
1.3747996044
9.3137998145
7.6125973012
2.6887980824
3.5584982087
6.1894990712
4.2948968885
1.1402979513
6.2601966409
1.3368985365
11.162998742
5.0259958107
2.2042965191
12.091999044
6.9755982136
7.7735991391
3.895097691
0.67899907353
6.2824997859
0.47679882816
1.5743986718
8.5338996303
6.4854968862
0.17109633232
2.121397449
6.0717986953
13.334598541
1.2131971308
6.3829976182
4.5511987609
7.2224969032
11.934398433
4.0016982994
0.20389852741
9.9010976478
1.4954971989
1.9780975753
7.1819991587
7.8413980756
11.048096615
7.0527983691
3.8942996818
9.6712998478
0.42199634404
5.7263964415
2.3253967677
1.7449999329
6.1143999289
1.3003999853
6.0643979191
8.7556966095
7.4517990965
5.5474968825
5.0111958133
2.2041986667
9.1572966754
8.0924981911
1.0369956472
0.10659575142
0.74219604704
5.6339957185
1.2232970394
5.0061984465
3.4585961165
10.474598109
7.1661992406
2.1009983202
5.0572999007
8.2986974849
8.0932969614
8.317296553
2.3780957559
0.34579910697
8.9104972682
3.6151994627
6.8659961185
4.0303975527
5.6929969954
4.8519981154
4.0352996795
0.11759765645
3.0447987199
1.5960978129
4.2125955699
8.1370990781
2.020196221
8.3348983902
9.1999970222
10.656596861
2.6993964712
9.3094964903
3.1009976034
5.4897997969
8.7631999425
11.935598848
2.5522966911
8.29579889
2.7037977644
7.191297332
0.26559855712
3.1894983228
2.8523999559
3.9794963609
3.3266994895
13.120895978
10.256697379
11.379599108
1.4284960965
7.2799959869
0.39779605201
2.1424964418
4.0246976959
1.3997980045
3.1335998193
6.1957988623
15.394596464
0.15869783713
4.204497929
5.0554979117
5.642998973
1.8541998848
12.252699711
4.4418997443
8.0620994144
4.1102990823
13.877195613
1.8545960675
8.5057992978
2.1832983555
7.5880957865
1.3966961495
2.9116957291
12.353598721
5.1658988996
7.7452979997
3.4016975221
3.0298979165
6.2441967279
10.594897459
2.842998887
13.771996555
1.4071975928
4.2901999303
13.677396532
1.8961964313
5.3161997297
0.28029769939
0.12029584987
5.684697449
0.25599665864
4.7614991897
4.6728958166
6.6867982942
3.911799587
0.79919714146
7.6746977311
3.4059959077
1.6406997096
10.782099354
3.4600988725
5.407899237
0.2340980695
0.10409822561
2.7394992647
2.9363983213
2.2019993107
9.2154966567
4.4715968994
0.93479570725
11.404597711
1.6832960961
5.1976997137
7.2560984918
4.9998980174
8.1116960344
13.71759725
2.679298452
7.0879957187
12.911197908
0.48799932447
15.994697293
7.6554977663
2.8672989164
4.4854966797
4.9057976268
4.4432955505
7.8381992845
2.4237970399
7.170098582
5.3769956917
5.8567977027
4.5432987814
16.093599036
1.8801996136
1.3842992993
0.97789647816
6.6270988786
2.429099098
7.1271997201
10.743797007
2.4947971516
